8
Mercury 330100000000000000000000.0 22032.9 2440.5 0.034
3 Sun 57909175.67825 0.20563069 7.00487 48.33167 77.45645 252.25084
Venus 4867300000000000000000000.0 324859.0 6051.8 2.64
3 Sun 108208925.5132 0.00677323 3.39471 76.68069 131.53298 181.97973
Earth 5972200000000000000000000.0 398600.0 6378.137 23.44
3 Sun 149597887.1558 0.01671022 0.00005 -11.260648 102.94719 100.46435
Mars 641690000000000000000000.0 42828.37 3396.2 25.19
3 Sun 227936637.2418 0.09341233 1.85061 49.57854 336.04084 355.45332
Jupiter 1898130000000000000000000000.0 126686534.0 71492.0 3.13
3 Sun 778412026.7751 0.04839266 1.30530 100.55615 14.75385 34.40438
Saturn 568320000000000000000000000.0 37931187.0 60268.0 26.73
3 Sun 1426725412.588 0.05415060 2.48446 113.71504 92.43194 49.94432
Uranus 86811000000000000000000000.0 5793939.0 25559.0 82.23
3 Sun 2870972219.9697 0.04716771 0.76986 74.22988 170.96424 313.23218
Neptune 102409000000000000000000000.0 6836529.0 24764.0 28.32
3 Sun 4498252910.7641 0.00858587 1.76917 131.72169 44.97135 304.88003
